0; 655; 713; 745; 795; 802; 913; 1019; 1118; 1074; 961; 860; 897; 1010; 1106; 1047; 950; 841; 856; 882; 776; 836; 891; 998; 1056; 955; 902; 960; 994; 943; 865; 1107; 1146; 1205; 1359; 1499; 1573; 1665; 1937; 1551; 1491; 1473; 1078; 998; 1053; 1157; 1149; 1074; 1124; 1184; 1195; 1137; 1190; 1247; 1318; 1370; 1416; 1259; 1201; 1251; 1310; 1348; 1292; 1431; 1358; 1402; 1369; 1343; 1529; 1491; 1572; 1692; 1736; 1813; 1856; 2243; 2310; 2389; 2334; 2457; 2657; 1916; 1881; 1830; 1727; 1677; 1648; 1669; 1750; 1795; 1715; 1903; 2015; 2101; 2262; 1893; 2060; 2112; 1939; 1959; 2011; 2117; 2150; 2289; 2326; 2394; 2528; 2638; 2637; 2722; 2806; 2544; 2578; 2324; 2383; 2420; 2324; 2296; 2281; 2220; 2249; 2408; 2495; 2780; 2472; 2370; 2124; 2182; 2092; 2011; 2074; 2238; 2310; 2167; 2228; 2221; 2216; 2270; 2359; 2398; 2358; 2429; 2400; 2422; 2656; 2715; 2777; 2837; 2712; 2699; 2765; 2812; 2671; 2606; 2543; 2532; 2436; 2663; 2772; 2855; 2777; 2671; 2619; ; 2855; 655; 291990
655; 0; 58; 90; 140; 147; 258; 364; 463; 419; 306; 205; 242; 355; 451; 392; 295; 186; 201; 227; 121; 181; 236; 343; 401; 300; 247; 305; 339; 288; 210; 452; 491; 550; 704; 844; 918; 1010; 1282; 896; 836; 818; 423; 343; 398; 502; 494; 419; 469; 529; 540; 482; 535; 592; 663; 715; 761; 604; 546; 596; 655; 693; 637; 776; 703; 747; 714; 688; 874; 836; 917; 1037; 1081; 1158; 1201; 1588; 1655; 1734; 1679; 1802; 2002; 1261; 1226; 1175; 1072; 1022; 993; 1014; 1095; 1140; 1060; 1248; 1360; 1446; 1607; 1238; 1405; 1457; 1284; 1304; 1356; 1462; 1495; 1634; 1671; 1739; 1873; 1983; 1982; 2067; 2151; 1889; 1923; 1669; 1728; 1765; 1669; 1641; 1626; 1565; 1594; 1753; 1840; 2125; 1817; 1715; 1469; 1527; 1437; 1356; 1419; 1583; 1655; 1512; 1573; 1566; 1561; 1615; 1704; 1743; 1703; 1774; 1745; 1767; 2001; 2060; 2122; 2182; 2057; 2044; 2110; 2157; 2016; 1951; 1888; 1877; 1781; 2008; 2117; 2200; 2122; 2016; 1964; ; 2200; 58; 186535
713; 58; 0; 143; 82; 200; 309; 407; 506; 453; 349; 248; 184; 297; 393; 334; 237; 128; 143; 169; 63; 123; 178; 285; 343; 242; 189; 247; 281; 230; 152; 394; 433; 492; 646; 786; 860; 952; 1224; 838; 778; 760; 365; 285; 340; 444; 436; 361; 411; 471; 482; 424; 477; 534; 605; 657; 703; 546; 488; 538; 597; 635; 579; 718; 645; 689; 656; 630; 816; 778; 859; 979; 1023; 1100; 1143; 1530; 1597; 1676; 1621; 1744; 1944; 1203; 1168; 1117; 1014; 964; 935; 956; 1037; 1082; 1002; 1190; 1302; 1388; 1549; 1180; 1347; 1399; 1226; 1246; 1298; 1404; 1437; 1576; 1613; 1681; 1815; 1925; 1924; 2009; 2093; 1831; 1865; 1611; 1670; 1707; 1611; 1583; 1568; 1507; 1536; 1695; 1782; 2067; 1759; 1657; 1411; 1469; 1379; 1298; 1361; 1525; 1597; 1454; 1515; 1508; 1503; 1557; 1646; 1685; 1645; 1716; 1687; 1709; 1943; 2002; 2064; 2124; 1999; 1986; 2052; 2099; 1958; 1893; 1830; 1819; 1723; 1950; 2059; 2142; 2064; 1958; 1906; ; 2142; 58; 178140
745; 90; 143; 0; 61; 57; 168; 274; 373; 329; 216; 115; 163; 281; 387; 434; 337; 228; 122; 183; 206; 266; 321; 428; 486; 385; 332; 354; 320; 244; 295; 537; 533; 592; 746; 886; 960; 1052; 1324; 981; 921; 903; 414; 428; 483; 458; 484; 504; 554; 614; 496; 567; 620; 677; 748; 800; 846; 560; 631; 681; 740; 778; 684; 843; 750; 800; 799; 773; 941; 889; 970; 1104; 1148; 1225; 1268; 1655; 1722; 1801; 1746; 1869; 2069; 1328; 1293; 1242; 1139; 1089; 1046; 1067; 1148; 1193; 1113; 1315; 1427; 1513; 1674; 1291; 1458; 1510; 1337; 1357; 1409; 1515; 1548; 1687; 1724; 1792; 1926; 2036; 2035; 2120; 2204; 1942; 1976; 1722; 1781; 1818; 1722; 1694; 1679; 1618; 1661; 1820; 1907; 2192; 1884; 1782; 1522; 1594; 1490; 1409; 1472; 1636; 1708; 1565; 1626; 1619; 1614; 1668; 1757; 1796; 1756; 1827; 1798; 1820; 2054; 2113; 2175; 2235; 2124; 2111; 2177; 2210; 2083; 2018; 1955; 1944; 1848; 2075; 2170; 2253; 2175; 2069; 2017; ; 2253; 57; 194134
795; 140; 82; 61; 0; 118; 227; 325; 424; 380; 267; 166; 102; 221; 327; 373; 276; 167; 61; 122; 145; 205; 260; 367; 425; 324; 271; 293; 259; 183; 234; 476; 472; 531; 685; 825; 899; 991; 1263; 920; 860; 842; 353; 367; 422; 397; 423; 443; 493; 553; 435; 506; 559; 616; 687; 739; 785; 499; 570; 620; 679; 717; 623; 782; 689; 739; 738; 712; 880; 828; 909; 1043; 1087; 1164; 1207; 1594; 1661; 1740; 1685; 1808; 2008; 1267; 1232; 1181; 1078; 1028; 985; 1006; 1087; 1132; 1052; 1254; 1366; 1452; 1613; 1230; 1397; 1449; 1276; 1296; 1348; 1454; 1487; 1626; 1663; 1731; 1865; 1975; 1974; 2059; 2143; 1881; 1915; 1661; 1720; 1757; 1661; 1633; 1618; 1557; 1600; 1759; 1846; 2131; 1823; 1721; 1461; 1533; 1429; 1348; 1411; 1575; 1647; 1504; 1565; 1558; 1553; 1607; 1696; 1735; 1695; 1766; 1737; 1759; 1993; 2052; 2114; 2174; 2063; 2050; 2116; 2149; 2022; 1957; 1894; 1883; 1787; 2014; 2109; 2192; 2114; 2008; 1956; ; 2192; 61; 185339
802; 147; 200; 57; 118; 0; 111; 229; 328; 386; 273; 172; 220; 338; 444; 491; 394; 285; 179; 240; 263; 323; 378; 485; 543; 442; 389; 411; 377; 301; 352; 594; 590; 649; 803; 943; 1017; 1109; 1381; 1038; 978; 960; 471; 485; 540; 515; 541; 561; 611; 671; 553; 624; 677; 734; 805; 857; 903; 617; 688; 738; 797; 835; 741; 900; 807; 857; 856; 830; 998; 946; 1027; 1161; 1205; 1282; 1325; 1712; 1779; 1858; 1803; 1926; 2126; 1385; 1350; 1299; 1196; 1146; 1103; 1124; 1205; 1250; 1170; 1372; 1484; 1570; 1731; 1348; 1515; 1567; 1394; 1414; 1466; 1572; 1605; 1744; 1781; 1849; 1983; 2093; 2092; 2177; 2261; 1999; 2033; 1779; 1838; 1875; 1779; 1751; 1736; 1675; 1718; 1877; 1964; 2249; 1941; 1839; 1579; 1651; 1547; 1466; 1529; 1693; 1765; 1622; 1683; 1676; 1671; 1725; 1814; 1853; 1813; 1884; 1855; 1877; 2111; 2170; 2232; 2292; 2181; 2168; 2234; 2267; 2140; 2075; 2012; 2001; 1905; 2132; 2227; 2310; 2232; 2126; 2074; ; 2310; 57; 202993
913; 258; 309; 168; 227; 111; 0; 118; 217; 275; 162; 61; 125; 227; 333; 384; 287; 190; 288; 349; 255; 315; 352; 446; 504; 416; 381; 439; 473; 410; 461; 703; 483; 542; 696; 836; 910; 1002; 1274; 965; 905; 934; 557; 477; 514; 624; 628; 553; 585; 645; 662; 616; 651; 708; 779; 831; 877; 726; 680; 712; 771; 809; 771; 930; 837; 863; 830; 804; 1028; 952; 1033; 1191; 1235; 1312; 1355; 1742; 1809; 1888; 1833; 1956; 2156; 1406; 1366; 1315; 1212; 1162; 1109; 1130; 1211; 1256; 1176; 1388; 1500; 1586; 1747; 1354; 1521; 1573; 1400; 1420; 1472; 1578; 1611; 1750; 1787; 1855; 1989; 2099; 2098; 2183; 2267; 2005; 2039; 1785; 1844; 1881; 1785; 1757; 1742; 1681; 1734; 1893; 1980; 2265; 1957; 1855; 1585; 1667; 1553; 1472; 1535; 1699; 1771; 1628; 1689; 1682; 1677; 1731; 1820; 1859; 1819; 1890; 1861; 1883; 2117; 2176; 2238; 2298; 2197; 2184; 2250; 2273; 2156; 2091; 2028; 2017; 1921; 2148; 2233; 2316; 2238; 2132; 2080; ; 2316; 61; 203272
1019; 364; 407; 274; 325; 229; 118; 0; 99; 165; 58; 159; 223; 123; 225; 280; 183; 288; 386; 447; 353; 303; 248; 342; 400; 312; 369; 427; 461; 508; 559; 801; 379; 438; 592; 732; 806; 898; 1170; 861; 801; 830; 545; 465; 410; 642; 616; 541; 481; 541; 680; 604; 547; 604; 675; 727; 773; 744; 668; 608; 667; 705; 759; 876; 783; 759; 726; 700; 957; 848; 929; 1120; 1164; 1241; 1284; 1671; 1738; 1817; 1762; 1885; 2085; 1302; 1262; 1211; 1108; 1058; 1005; 1026; 1107; 1152; 1072; 1284; 1396; 1482; 1643; 1250; 1417; 1469; 1296; 1316; 1368; 1474; 1507; 1646; 1683; 1751; 1885; 1995; 1994; 2079; 2163; 1901; 1935; 1681; 1740; 1777; 1681; 1653; 1638; 1577; 1630; 1789; 1876; 2161; 1853; 1751; 1481; 1563; 1449; 1368; 1431; 1595; 1667; 1524; 1585; 1578; 1573; 1627; 1716; 1755; 1715; 1786; 1757; 1779; 2013; 2072; 2134; 2194; 2093; 2080; 2146; 2169; 2052; 1987; 1924; 1913; 1817; 2044; 2129; 2212; 2134; 2028; 1976; ; 2212; 58; 191419
1118; 463; 506; 373; 424; 328; 217; 99; 0; 66; 157; 258; 322; 222; 126; 185; 282; 387; 485; 546; 452; 402; 347; 247; 305; 411; 468; 526; 560; 607; 658; 900; 284; 343; 497; 637; 711; 803; 1075; 766; 706; 876; 644; 564; 509; 741; 715; 640; 580; 640; 779; 703; 646; 703; 774; 826; 872; 843; 767; 707; 766; 804; 858; 975; 882; 858; 825; 799; 1056; 947; 1028; 1219; 1263; 1340; 1383; 1770; 1837; 1916; 1861; 1984; 2184; 1401; 1361; 1310; 1207; 1157; 1104; 1125; 1206; 1251; 1171; 1383; 1495; 1581; 1742; 1349; 1516; 1568; 1395; 1415; 1467; 1573; 1606; 1745; 1782; 1850; 1984; 2094; 2093; 2178; 2262; 2000; 2034; 1780; 1839; 1876; 1780; 1752; 1737; 1676; 1729; 1888; 1975; 2260; 1952; 1850; 1580; 1662; 1548; 1467; 1530; 1694; 1766; 1623; 1684; 1677; 1672; 1726; 1815; 1854; 1814; 1885; 1856; 1878; 2112; 2171; 2233; 2293; 2192; 2179; 2245; 2268; 2151; 2086; 2023; 2012; 1916; 2143; 2228; 2311; 2233; 2127; 2075; ; 2311; 66; 204581
1074; 419; 453; 329; 380; 386; 275; 165; 66; 0; 113; 214; 278; 166; 60; 119; 216; 325; 436; 496; 390; 336; 281; 181; 239; 345; 402; 460; 494; 557; 605; 847; 218; 277; 431; 571; 645; 737; 1009; 700; 640; 810; 578; 498; 443; 675; 649; 574; 514; 574; 713; 637; 580; 637; 708; 760; 806; 777; 701; 641; 700; 738; 792; 909; 816; 792; 759; 733; 990; 881; 962; 1153; 1197; 1274; 1317; 1704; 1771; 1850; 1795; 1918; 2118; 1335; 1295; 1244; 1141; 1091; 1038; 1059; 1140; 1185; 1105; 1317; 1429; 1515; 1676; 1283; 1450; 1502; 1329; 1349; 1401; 1507; 1540; 1679; 1716; 1784; 1918; 2028; 2027; 2112; 2196; 1934; 1968; 1714; 1773; 1810; 1714; 1686; 1671; 1610; 1663; 1822; 1909; 2194; 1886; 1784; 1514; 1596; 1482; 1401; 1464; 1628; 1700; 1557; 1618; 1611; 1606; 1660; 1749; 1788; 1748; 1819; 1790; 1812; 2046; 2105; 2167; 2227; 2126; 2113; 2179; 2202; 2085; 2020; 1957; 1946; 1850; 2077; 2162; 2245; 2167; 2061; 2009; ; 2245; 60; 194595
961; 306; 349; 216; 267; 273; 162; 58; 157; 113; 0; 101; 165; 65; 171; 222; 125; 230; 328; 389; 295; 245; 190; 284; 342; 254; 311; 369; 403; 450; 501; 743; 321; 380; 534; 674; 748; 840; 1112; 803; 743; 772; 487; 407; 352; 584; 558; 483; 423; 483; 622; 546; 489; 546; 617; 669; 715; 686; 610; 550; 609; 647; 701; 818; 725; 701; 668; 642; 899; 790; 871; 1062; 1106; 1183; 1226; 1613; 1680; 1759; 1704; 1827; 2027; 1244; 1204; 1153; 1050; 1000; 947; 968; 1049; 1094; 1014; 1226; 1338; 1424; 1585; 1192; 1359; 1411; 1238; 1258; 1310; 1416; 1449; 1588; 1625; 1693; 1827; 1937; 1936; 2021; 2105; 1843; 1877; 1623; 1682; 1719; 1623; 1595; 1580; 1519; 1572; 1731; 1818; 2103; 1795; 1693; 1423; 1505; 1391; 1310; 1373; 1537; 1609; 1466; 1527; 1520; 1515; 1569; 1658; 1697; 1657; 1728; 1699; 1721; 1955; 2014; 2076; 2136; 2035; 2022; 2088; 2111; 1994; 1929; 1866; 1855; 1759; 1986; 2071; 2154; 2076; 1970; 1918; ; 2154; 58; 182411
860; 205; 248; 115; 166; 172; 61; 159; 258; 214; 101; 0; 64; 166; 272; 323; 226; 129; 227; 288; 194; 254; 291; 385; 443; 355; 320; 378; 412; 349; 400; 642; 422; 481; 635; 775; 849; 941; 1213; 904; 844; 873; 496; 416; 453; 563; 567; 492; 524; 584; 601; 555; 590; 647; 718; 770; 816; 665; 619; 651; 710; 748; 710; 869; 776; 802; 769; 743; 967; 891; 972; 1130; 1174; 1251; 1294; 1681; 1748; 1827; 1772; 1895; 2095; 1345; 1305; 1254; 1151; 1101; 1048; 1069; 1150; 1195; 1115; 1327; 1439; 1525; 1686; 1293; 1460; 1512; 1339; 1359; 1411; 1517; 1550; 1689; 1726; 1794; 1928; 2038; 2037; 2122; 2206; 1944; 1978; 1724; 1783; 1820; 1724; 1696; 1681; 1620; 1673; 1832; 1919; 2204; 1896; 1794; 1524; 1606; 1492; 1411; 1474; 1638; 1710; 1567; 1628; 1621; 1616; 1670; 1759; 1798; 1758; 1829; 1800; 1822; 2056; 2115; 2177; 2237; 2136; 2123; 2189; 2212; 2095; 2030; 1967; 1956; 1860; 2087; 2172; 2255; 2177; 2071; 2019; ; 2255; 61; 193801
897; 242; 184; 163; 102; 220; 125; 223; 322; 278; 165; 64; 0; 119; 225; 271; 174; 65; 163; 224; 130; 190; 239; 333; 391; 303; 256; 314; 348; 285; 336; 578; 370; 429; 583; 723; 797; 889; 1161; 852; 792; 821; 432; 352; 401; 499; 503; 428; 472; 532; 537; 491; 538; 595; 666; 718; 764; 601; 555; 599; 658; 696; 646; 805; 712; 750; 717; 691; 903; 839; 920; 1066; 1110; 1187; 1230; 1617; 1684; 1763; 1708; 1831; 2031; 1290; 1253; 1202; 1099; 1049; 996; 1017; 1098; 1143; 1063; 1275; 1387; 1473; 1634; 1241; 1408; 1460; 1287; 1307; 1359; 1465; 1498; 1637; 1674; 1742; 1876; 1986; 1985; 2070; 2154; 1892; 1926; 1672; 1731; 1768; 1672; 1644; 1629; 1568; 1621; 1780; 1867; 2152; 1844; 1742; 1472; 1554; 1440; 1359; 1422; 1586; 1658; 1515; 1576; 1569; 1564; 1618; 1707; 1746; 1706; 1777; 1748; 1770; 2004; 2063; 2125; 2185; 2084; 2071; 2137; 2160; 2043; 1978; 1915; 1904; 1808; 2035; 2120; 2203; 2125; 2019; 1967; ; 2203; 64; 185962
1010; 355; 297; 281; 221; 338; 227; 123; 222; 166; 65; 166; 119; 0; 106; 157; 60; 169; 280; 340; 234; 180; 125; 219; 277; 189; 246; 304; 338; 401; 449; 691; 256; 315; 469; 609; 683; 775; 1047; 738; 678; 707; 422; 342; 287; 519; 493; 418; 358; 418; 557; 481; 424; 481; 552; 604; 650; 621; 545; 485; 544; 582; 636; 753; 660; 636; 603; 577; 834; 725; 806; 997; 1041; 1118; 1161; 1548; 1615; 1694; 1639; 1762; 1962; 1179; 1139; 1088; 985; 935; 882; 903; 984; 1029; 949; 1161; 1273; 1359; 1520; 1127; 1294; 1346; 1173; 1193; 1245; 1351; 1384; 1523; 1560; 1628; 1762; 1872; 1871; 1956; 2040; 1778; 1812; 1558; 1617; 1654; 1558; 1530; 1515; 1454; 1507; 1666; 1753; 2038; 1730; 1628; 1358; 1440; 1326; 1245; 1308; 1472; 1544; 1401; 1462; 1455; 1450; 1504; 1593; 1632; 1592; 1663; 1634; 1656; 1890; 1949; 2011; 2071; 1970; 1957; 2023; 2046; 1929; 1864; 1801; 1790; 1694; 1921; 2006; 2089; 2011; 1905; 1853; ; 2089; 60; 173206
1106; 451; 393; 387; 327; 444; 333; 225; 126; 60; 171; 272; 225; 106; 0; 59; 156; 265; 376; 436; 330; 276; 221; 121; 179; 285; 342; 400; 434; 497; 545; 787; 158; 217; 371; 511; 585; 677; 949; 640; 580; 750; 518; 438; 383; 615; 589; 514; 454; 514; 653; 577; 520; 577; 648; 700; 746; 717; 641; 581; 640; 678; 732; 849; 756; 732; 699; 673; 930; 821; 902; 1093; 1137; 1214; 1257; 1644; 1711; 1790; 1735; 1858; 2058; 1275; 1235; 1184; 1081; 1031; 978; 999; 1080; 1125; 1045; 1257; 1369; 1455; 1616; 1223; 1390; 1442; 1269; 1289; 1341; 1447; 1480; 1619; 1656; 1724; 1858; 1968; 1967; 2052; 2136; 1874; 1908; 1654; 1713; 1750; 1654; 1626; 1611; 1550; 1603; 1762; 1849; 2134; 1826; 1724; 1454; 1536; 1422; 1341; 1404; 1568; 1640; 1497; 1558; 1551; 1546; 1600; 1689; 1728; 1688; 1759; 1730; 1752; 1986; 2045; 2107; 2167; 2066; 2053; 2119; 2142; 2025; 1960; 1897; 1886; 1790; 2017; 2102; 2185; 2107; 2001; 1949; ; 2185; 59; 185963
1047; 392; 334; 434; 373; 491; 384; 280; 185; 119; 222; 323; 271; 157; 59; 0; 97; 206; 317; 377; 271; 217; 162; 62; 120; 226; 283; 341; 375; 438; 486; 728; 99; 158; 312; 452; 526; 618; 890; 581; 521; 691; 459; 379; 324; 556; 530; 455; 395; 455; 594; 518; 461; 518; 589; 641; 687; 658; 582; 522; 581; 619; 673; 790; 697; 673; 640; 614; 871; 762; 843; 1034; 1078; 1155; 1198; 1585; 1652; 1731; 1676; 1799; 1999; 1216; 1176; 1125; 1022; 972; 919; 940; 1021; 1066; 986; 1198; 1310; 1396; 1557; 1164; 1331; 1383; 1210; 1230; 1282; 1388; 1421; 1560; 1597; 1665; 1799; 1909; 1908; 1993; 2077; 1815; 1849; 1595; 1654; 1691; 1595; 1567; 1552; 1491; 1544; 1703; 1790; 2075; 1767; 1665; 1395; 1477; 1363; 1282; 1345; 1509; 1581; 1438; 1499; 1492; 1487; 1541; 1630; 1669; 1629; 1700; 1671; 1693; 1927; 1986; 2048; 2108; 2007; 1994; 2060; 2083; 1966; 1901; 1838; 1827; 1731; 1958; 2043; 2126; 2048; 1942; 1890; ; 2126; 59; 177676
950; 295; 237; 337; 276; 394; 287; 183; 282; 216; 125; 226; 174; 60; 156; 97; 0; 109; 220; 280; 174; 120; 65; 159; 217; 129; 186; 244; 278; 341; 389; 631; 196; 255; 409; 549; 623; 715; 987; 678; 618; 647; 362; 282; 227; 459; 433; 358; 298; 358; 497; 421; 364; 421; 492; 544; 590; 561; 485; 425; 484; 522; 576; 693; 600; 576; 543; 517; 774; 665; 746; 937; 981; 1058; 1101; 1488; 1555; 1634; 1579; 1702; 1902; 1119; 1079; 1028; 925; 875; 822; 843; 924; 969; 889; 1101; 1213; 1299; 1460; 1067; 1234; 1286; 1113; 1133; 1185; 1291; 1324; 1463; 1500; 1568; 1702; 1812; 1811; 1896; 1980; 1718; 1752; 1498; 1557; 1594; 1498; 1470; 1455; 1394; 1447; 1606; 1693; 1978; 1670; 1568; 1298; 1380; 1266; 1185; 1248; 1412; 1484; 1341; 1402; 1395; 1390; 1444; 1533; 1572; 1532; 1603; 1574; 1596; 1830; 1889; 1951; 2011; 1910; 1897; 1963; 1986; 1869; 1804; 1741; 1730; 1634; 1861; 1946; 2029; 1951; 1845; 1793; ; 2029; 60; 164828
841; 186; 128; 228; 167; 285; 190; 288; 387; 325; 230; 129; 65; 169; 265; 206; 109; 0; 111; 171; 65; 125; 174; 268; 326; 238; 191; 249; 283; 232; 280; 522; 305; 364; 518; 658; 732; 824; 1096; 787; 727; 756; 367; 287; 336; 446; 438; 363; 407; 467; 484; 426; 473; 530; 601; 653; 699; 548; 490; 534; 593; 631; 581; 740; 647; 685; 652; 626; 838; 774; 855; 1001; 1045; 1122; 1165; 1552; 1619; 1698; 1643; 1766; 1966; 1225; 1188; 1137; 1034; 984; 931; 952; 1033; 1078; 998; 1210; 1322; 1408; 1569; 1176; 1343; 1395; 1222; 1242; 1294; 1400; 1433; 1572; 1609; 1677; 1811; 1921; 1920; 2005; 2089; 1827; 1861; 1607; 1666; 1703; 1607; 1579; 1564; 1503; 1556; 1715; 1802; 2087; 1779; 1677; 1407; 1489; 1375; 1294; 1357; 1521; 1593; 1450; 1511; 1504; 1499; 1553; 1642; 1681; 1641; 1712; 1683; 1705; 1939; 1998; 2060; 2120; 2019; 2006; 2072; 2095; 1978; 1913; 1850; 1839; 1743; 1970; 2055; 2138; 2060; 1954; 1902; ; 2138; 65; 176987
856; 201; 143; 122; 61; 179; 288; 386; 485; 436; 328; 227; 163; 280; 376; 317; 220; 111; 0; 61; 167; 227; 282; 379; 437; 346; 290; 232; 198; 122; 295; 537; 416; 475; 629; 769; 843; 935; 1207; 884; 824; 806; 292; 372; 443; 336; 362; 444; 505; 565; 374; 454; 517; 580; 651; 703; 749; 438; 514; 577; 641; 679; 562; 721; 628; 678; 685; 669; 819; 767; 848; 982; 1026; 1103; 1146; 1533; 1600; 1679; 1624; 1747; 1947; 1206; 1171; 1120; 1017; 967; 924; 945; 1026; 1071; 991; 1193; 1305; 1391; 1552; 1169; 1336; 1388; 1215; 1235; 1287; 1393; 1426; 1565; 1602; 1670; 1804; 1914; 1913; 1998; 2082; 1820; 1854; 1600; 1659; 1696; 1600; 1572; 1557; 1496; 1539; 1698; 1785; 2070; 1762; 1660; 1400; 1472; 1368; 1287; 1350; 1514; 1586; 1443; 1504; 1497; 1492; 1546; 1635; 1674; 1634; 1705; 1676; 1698; 1932; 1991; 2053; 2113; 2002; 1989; 2055; 2088; 1961; 1896; 1833; 1822; 1726; 1953; 2048; 2131; 2053; 1947; 1895; ; 2131; 61; 178713
882; 227; 169; 183; 122; 240; 349; 447; 546; 496; 389; 288; 224; 340; 436; 377; 280; 171; 61; 0; 106; 166; 221; 328; 386; 285; 229; 171; 137; 61; 321; 563; 476; 535; 689; 829; 900; 992; 1264; 823; 763; 745; 231; 311; 382; 275; 301; 383; 444; 504; 313; 393; 456; 519; 590; 642; 688; 377; 453; 516; 580; 618; 501; 660; 567; 617; 624; 608; 758; 706; 787; 921; 965; 1042; 1085; 1472; 1539; 1618; 1563; 1686; 1886; 1145; 1110; 1059; 956; 906; 863; 884; 965; 1010; 930; 1132; 1244; 1330; 1491; 1108; 1275; 1327; 1154; 1174; 1226; 1332; 1365; 1504; 1541; 1609; 1743; 1853; 1852; 1937; 2021; 1759; 1793; 1539; 1598; 1635; 1539; 1511; 1496; 1435; 1478; 1637; 1724; 2009; 1701; 1599; 1339; 1411; 1307; 1226; 1289; 1453; 1525; 1382; 1443; 1436; 1431; 1485; 1574; 1613; 1573; 1644; 1615; 1637; 1871; 1930; 1992; 2052; 1941; 1928; 1994; 2027; 1900; 1835; 1772; 1761; 1665; 1892; 1987; 2070; 1992; 1886; 1834; ; 2070; 61; 172009
776; 121; 63; 206; 145; 263; 255; 353; 452; 390; 295; 194; 130; 234; 330; 271; 174; 65; 167; 106; 0; 60; 115; 222; 280; 179; 126; 184; 218; 167; 215; 457; 370; 429; 583; 723; 797; 889; 1161; 775; 715; 697; 302; 222; 277; 381; 373; 298; 348; 408; 419; 361; 414; 471; 542; 594; 640; 483; 425; 475; 534; 572; 516; 675; 582; 626; 593; 567; 773; 715; 796; 936; 980; 1057; 1100; 1487; 1554; 1633; 1578; 1701; 1901; 1160; 1125; 1074; 971; 921; 872; 893; 974; 1019; 939; 1147; 1259; 1345; 1506; 1117; 1284; 1336; 1163; 1183; 1235; 1341; 1374; 1513; 1550; 1618; 1752; 1862; 1861; 1946; 2030; 1768; 1802; 1548; 1607; 1644; 1548; 1520; 1505; 1444; 1493; 1652; 1739; 2024; 1716; 1614; 1348; 1426; 1316; 1235; 1298; 1462; 1534; 1391; 1452; 1445; 1440; 1494; 1583; 1622; 1582; 1653; 1624; 1646; 1880; 1939; 2001; 2061; 1956; 1943; 2009; 2036; 1915; 1850; 1787; 1776; 1680; 1907; 1996; 2079; 2001; 1895; 1843; ; 2079; 60; 169760
836; 181; 123; 266; 205; 323; 315; 303; 402; 336; 245; 254; 190; 180; 276; 217; 120; 125; 227; 166; 60; 0; 55; 162; 220; 119; 66; 124; 158; 227; 275; 517; 316; 375; 529; 669; 743; 835; 1107; 715; 655; 637; 242; 162; 217; 339; 313; 238; 288; 348; 377; 301; 354; 411; 482; 534; 580; 441; 365; 415; 474; 512; 456; 615; 522; 566; 533; 507; 713; 655; 736; 876; 920; 997; 1040; 1427; 1494; 1573; 1518; 1641; 1841; 1100; 1065; 1014; 911; 861; 812; 833; 914; 959; 879; 1087; 1199; 1285; 1446; 1057; 1224; 1276; 1103; 1123; 1175; 1281; 1314; 1453; 1490; 1558; 1692; 1802; 1801; 1886; 1970; 1708; 1742; 1488; 1547; 1584; 1488; 1460; 1445; 1384; 1433; 1592; 1679; 1964; 1656; 1554; 1288; 1366; 1256; 1175; 1238; 1402; 1474; 1331; 1392; 1385; 1380; 1434; 1523; 1562; 1522; 1593; 1564; 1586; 1820; 1879; 1941; 2001; 1896; 1883; 1949; 1976; 1855; 1790; 1727; 1716; 1620; 1847; 1936; 2019; 1941; 1835; 1783; ; 2019; 55; 162056
891; 236; 178; 321; 260; 378; 352; 248; 347; 281; 190; 291; 239; 125; 221; 162; 65; 174; 282; 221; 115; 55; 0; 107; 165; 64; 121; 179; 213; 282; 330; 572; 261; 320; 474; 614; 688; 780; 1052; 660; 600; 582; 297; 217; 162; 394; 368; 293; 233; 293; 432; 356; 299; 356; 427; 479; 525; 496; 420; 360; 419; 457; 511; 628; 535; 511; 478; 452; 709; 600; 681; 872; 916; 993; 1036; 1423; 1490; 1569; 1514; 1637; 1837; 1054; 1014; 963; 860; 810; 757; 778; 859; 904; 824; 1036; 1148; 1234; 1395; 1002; 1169; 1221; 1048; 1068; 1120; 1226; 1259; 1398; 1435; 1503; 1637; 1747; 1746; 1831; 1915; 1653; 1687; 1433; 1492; 1529; 1433; 1405; 1390; 1329; 1382; 1541; 1628; 1913; 1605; 1503; 1233; 1315; 1201; 1120; 1183; 1347; 1419; 1276; 1337; 1330; 1325; 1379; 1468; 1507; 1467; 1538; 1509; 1531; 1765; 1824; 1886; 1946; 1845; 1832; 1898; 1921; 1804; 1739; 1676; 1665; 1569; 1796; 1881; 1964; 1886; 1780; 1728; ; 1964; 55; 157145
998; 343; 285; 428; 367; 485; 446; 342; 247; 181; 284; 385; 333; 219; 121; 62; 159; 268; 379; 328; 222; 162; 107; 0; 58; 166; 223; 281; 315; 389; 437; 679; 161; 220; 374; 514; 588; 680; 952; 643; 583; 684; 399; 319; 264; 496; 470; 395; 335; 395; 534; 458; 401; 458; 529; 581; 627; 598; 522; 462; 521; 559; 613; 730; 637; 613; 580; 554; 811; 702; 783; 974; 1018; 1095; 1138; 1525; 1592; 1671; 1616; 1739; 1939; 1156; 1116; 1065; 962; 912; 859; 880; 961; 1006; 926; 1138; 1250; 1336; 1497; 1104; 1271; 1323; 1150; 1170; 1222; 1328; 1361; 1500; 1537; 1605; 1739; 1849; 1848; 1933; 2017; 1755; 1789; 1535; 1594; 1631; 1535; 1507; 1492; 1431; 1484; 1643; 1730; 2015; 1707; 1605; 1335; 1417; 1303; 1222; 1285; 1449; 1521; 1378; 1439; 1432; 1427; 1481; 1570; 1609; 1569; 1640; 1611; 1633; 1867; 1926; 1988; 2048; 1947; 1934; 2000; 2023; 1906; 1841; 1778; 1767; 1671; 1898; 1983; 2066; 1988; 1882; 1830; ; 2066; 58; 170889
1056; 401; 343; 486; 425; 543; 504; 400; 305; 239; 342; 443; 391; 277; 179; 120; 217; 326; 437; 386; 280; 220; 165; 58; 0; 108; 165; 223; 257; 333; 495; 737; 219; 278; 432; 572; 646; 738; 1010; 701; 641; 626; 341; 261; 206; 438; 412; 337; 277; 337; 476; 400; 343; 400; 471; 523; 569; 540; 464; 404; 463; 501; 555; 672; 579; 555; 522; 496; 753; 644; 725; 916; 960; 1037; 1080; 1467; 1534; 1613; 1558; 1681; 1881; 1098; 1058; 1007; 904; 854; 801; 822; 903; 948; 868; 1080; 1192; 1278; 1439; 1046; 1213; 1265; 1092; 1112; 1164; 1270; 1303; 1442; 1479; 1547; 1681; 1791; 1790; 1875; 1959; 1697; 1731; 1477; 1536; 1573; 1477; 1449; 1434; 1373; 1426; 1585; 1672; 1957; 1649; 1547; 1277; 1359; 1245; 1164; 1227; 1391; 1463; 1320; 1381; 1374; 1369; 1423; 1512; 1551; 1511; 1582; 1553; 1575; 1809; 1868; 1930; 1990; 1889; 1876; 1942; 1965; 1848; 1783; 1720; 1709; 1613; 1840; 1925; 2008; 1930; 1824; 1772; ; 2008; 58; 165497
955; 300; 242; 385; 324; 442; 416; 312; 411; 345; 254; 355; 303; 189; 285; 226; 129; 238; 346; 285; 179; 119; 64; 166; 108; 0; 57; 115; 149; 225; 394; 636; 325; 384; 538; 605; 673; 765; 1037; 596; 536; 518; 233; 153; 98; 330; 304; 229; 169; 229; 368; 292; 235; 292; 363; 415; 461; 432; 356; 296; 355; 393; 447; 564; 471; 447; 414; 388; 645; 536; 617; 808; 852; 929; 972; 1359; 1426; 1505; 1450; 1573; 1773; 990; 950; 899; 796; 746; 693; 714; 795; 840; 760; 972; 1084; 1170; 1331; 938; 1105; 1157; 984; 1004; 1056; 1162; 1195; 1334; 1371; 1439; 1573; 1683; 1682; 1767; 1851; 1589; 1623; 1369; 1428; 1465; 1369; 1341; 1326; 1265; 1318; 1477; 1564; 1849; 1541; 1439; 1169; 1251; 1137; 1056; 1119; 1283; 1355; 1212; 1273; 1266; 1261; 1315; 1404; 1443; 1403; 1474; 1445; 1467; 1701; 1760; 1822; 1882; 1781; 1768; 1834; 1857; 1740; 1675; 1612; 1601; 1505; 1732; 1817; 1900; 1822; 1716; 1664; ; 1900; 57; 150636
902; 247; 189; 332; 271; 389; 381; 369; 468; 402; 311; 320; 256; 246; 342; 283; 186; 191; 290; 229; 126; 66; 121; 223; 165; 57; 0; 58; 92; 168; 341; 583; 382; 441; 595; 662; 730; 822; 1094; 653; 593; 575; 176; 96; 155; 273; 247; 172; 226; 286; 311; 235; 292; 349; 420; 472; 518; 375; 299; 353; 412; 450; 390; 549; 456; 504; 471; 445; 647; 593; 674; 810; 854; 931; 974; 1361; 1428; 1507; 1452; 1575; 1775; 1034; 999; 948; 845; 795; 750; 771; 852; 897; 817; 1021; 1133; 1219; 1380; 995; 1162; 1214; 1041; 1061; 1113; 1219; 1252; 1391; 1428; 1496; 1630; 1740; 1739; 1824; 1908; 1646; 1680; 1426; 1485; 1522; 1426; 1398; 1383; 1322; 1367; 1526; 1613; 1898; 1590; 1488; 1226; 1300; 1194; 1113; 1176; 1340; 1412; 1269; 1330; 1323; 1318; 1372; 1461; 1500; 1460; 1531; 1502; 1524; 1758; 1817; 1879; 1939; 1830; 1817; 1883; 1914; 1789; 1724; 1661; 1650; 1554; 1781; 1874; 1957; 1879; 1773; 1721; ; 1957; 57; 155659
960; 305; 247; 354; 293; 411; 439; 427; 526; 460; 369; 378; 314; 304; 400; 341; 244; 249; 232; 171; 184; 124; 179; 281; 223; 115; 58; 0; 34; 110; 399; 641; 440; 499; 653; 720; 788; 880; 1152; 711; 651; 633; 128; 154; 213; 225; 199; 230; 284; 344; 263; 293; 350; 407; 478; 530; 576; 327; 357; 411; 470; 508; 448; 607; 514; 562; 529; 503; 705; 651; 732; 868; 912; 989; 1032; 1419; 1486; 1565; 1510; 1633; 1833; 1092; 1057; 1006; 903; 853; 808; 829; 910; 955; 875; 1079; 1191; 1277; 1438; 1053; 1220; 1272; 1099; 1119; 1171; 1277; 1310; 1449; 1486; 1554; 1688; 1798; 1797; 1882; 1966; 1704; 1738; 1484; 1543; 1580; 1484; 1456; 1441; 1380; 1425; 1584; 1671; 1956; 1648; 1546; 1284; 1358; 1252; 1171; 1234; 1398; 1470; 1327; 1388; 1381; 1376; 1430; 1519; 1558; 1518; 1589; 1560; 1582; 1816; 1875; 1937; 1997; 1888; 1875; 1941; 1972; 1847; 1782; 1719; 1708; 1612; 1839; 1932; 2015; 1937; 1831; 1779; ; 2015; 34; 163895
994; 339; 281; 320; 259; 377; 473; 461; 560; 494; 403; 412; 348; 338; 434; 375; 278; 283; 198; 137; 218; 158; 213; 315; 257; 149; 92; 34; 0; 76; 433; 675; 474; 533; 687; 744; 812; 904; 1176; 735; 675; 657; 94; 174; 245; 191; 165; 247; 308; 368; 229; 309; 372; 431; 502; 554; 600; 293; 369; 432; 494; 532; 417; 576; 483; 533; 540; 524; 674; 622; 703; 837; 881; 958; 1001; 1388; 1455; 1534; 1479; 1602; 1802; 1061; 1026; 975; 872; 822; 779; 800; 881; 926; 846; 1048; 1160; 1246; 1407; 1024; 1191; 1243; 1070; 1090; 1142; 1248; 1281; 1420; 1457; 1525; 1659; 1769; 1768; 1853; 1937; 1675; 1709; 1455; 1514; 1551; 1455; 1427; 1412; 1351; 1394; 1553; 1640; 1925; 1617; 1515; 1255; 1327; 1223; 1142; 1205; 1369; 1441; 1298; 1359; 1352; 1347; 1401; 1490; 1529; 1489; 1560; 1531; 1553; 1787; 1846; 1908; 1968; 1857; 1844; 1910; 1943; 1816; 1751; 1688; 1677; 1581; 1808; 1903; 1986; 1908; 1802; 1750; ; 1986; 34; 162022
943; 288; 230; 244; 183; 301; 410; 508; 607; 557; 450; 349; 285; 401; 497; 438; 341; 232; 122; 61; 167; 227; 282; 389; 333; 225; 168; 110; 76; 0; 382; 624; 537; 596; 750; 771; 839; 931; 1203; 762; 702; 684; 170; 250; 321; 214; 240; 322; 383; 443; 252; 332; 395; 458; 529; 581; 627; 316; 392; 455; 519; 557; 440; 599; 506; 556; 563; 547; 697; 645; 726; 860; 904; 981; 1024; 1411; 1478; 1557; 1502; 1625; 1825; 1084; 1049; 998; 895; 845; 802; 823; 904; 949; 869; 1071; 1183; 1269; 1430; 1047; 1214; 1266; 1093; 1113; 1165; 1271; 1304; 1443; 1480; 1548; 1682; 1792; 1791; 1876; 1960; 1698; 1732; 1478; 1537; 1574; 1478; 1450; 1435; 1374; 1417; 1576; 1663; 1948; 1640; 1538; 1278; 1350; 1246; 1165; 1228; 1392; 1464; 1321; 1382; 1375; 1370; 1424; 1513; 1552; 1512; 1583; 1554; 1576; 1810; 1869; 1931; 1991; 1880; 1867; 1933; 1966; 1839; 1774; 1711; 1700; 1604; 1831; 1926; 2009; 1931; 1825; 1773; ; 2009; 61; 165616
865; 210; 152; 295; 234; 352; 461; 559; 658; 605; 501; 400; 336; 449; 545; 486; 389; 280; 295; 321; 215; 275; 330; 437; 495; 394; 341; 399; 433; 382; 0; 242; 585; 644; 798; 938; 1012; 1104; 1376; 990; 930; 912; 517; 437; 492; 596; 588; 513; 563; 623; 634; 576; 629; 686; 757; 809; 855; 698; 640; 690; 749; 787; 725; 566; 659; 709; 716; 742; 664; 773; 854; 827; 871; 948; 991; 1378; 1445; 1524; 1469; 1592; 1792; 1051; 1016; 965; 862; 812; 865; 886; 967; 1012; 932; 1038; 1150; 1236; 1397; 1110; 1277; 1329; 1156; 1176; 1228; 1334; 1367; 1506; 1543; 1611; 1745; 1855; 1854; 1939; 2023; 1761; 1795; 1541; 1600; 1637; 1541; 1513; 1498; 1437; 1384; 1543; 1630; 1915; 1607; 1505; 1341; 1317; 1309; 1228; 1291; 1455; 1527; 1384; 1445; 1438; 1433; 1487; 1576; 1615; 1575; 1646; 1617; 1639; 1873; 1932; 1994; 2000; 1847; 1834; 1900; 1963; 1806; 1741; 1678; 1667; 1571; 1798; 1929; 2072; 1994; 1888; 1836; ; 2072; 152; 177504
1107; 452; 394; 537; 476; 594; 703; 801; 900; 847; 743; 642; 578; 691; 787; 728; 631; 522; 537; 563; 457; 517; 572; 679; 737; 636; 583; 641; 675; 624; 242; 0; 827; 886; 1040; 912; 962; 1054; 1326; 885; 843; 775; 759; 679; 734; 709; 735; 701; 719; 754; 671; 638; 653; 691; 670; 672; 718; 607; 574; 592; 628; 590; 483; 324; 417; 467; 474; 500; 422; 531; 612; 585; 629; 706; 749; 1136; 1203; 1282; 1227; 1350; 1550; 809; 774; 723; 620; 570; 623; 644; 725; 770; 690; 796; 908; 994; 1155; 868; 1035; 1087; 914; 934; 986; 1092; 1125; 1264; 1301; 1369; 1503; 1613; 1612; 1697; 1781; 1519; 1553; 1299; 1358; 1395; 1299; 1271; 1256; 1195; 1142; 1301; 1388; 1673; 1365; 1263; 1099; 1075; 1067; 986; 1049; 1213; 1285; 1142; 1203; 1196; 1191; 1245; 1334; 1373; 1333; 1404; 1375; 1397; 1631; 1690; 1752; 1758; 1605; 1592; 1658; 1721; 1564; 1499; 1436; 1425; 1329; 1556; 1687; 1830; 1752; 1646; 1594; ; 1830; 242; 161198
1146; 491; 433; 533; 472; 590; 483; 379; 284; 218; 321; 422; 370; 256; 158; 99; 196; 305; 416; 476; 370; 316; 261; 161; 219; 325; 382; 440; 474; 537; 585; 827; 0; 59; 213; 353; 427; 519; 791; 482; 422; 592; 558; 478; 423; 655; 629; 554; 494; 554; 693; 617; 560; 617; 595; 647; 691; 757; 681; 621; 680; 675; 772; 889; 796; 772; 739; 713; 970; 861; 901; 1133; 1177; 1254; 1297; 1684; 1751; 1830; 1775; 1898; 2098; 1315; 1275; 1224; 1121; 1071; 1018; 1039; 1120; 1165; 1085; 1297; 1409; 1495; 1656; 1263; 1430; 1482; 1309; 1329; 1381; 1487; 1520; 1659; 1696; 1764; 1898; 2008; 2007; 2092; 2176; 1914; 1948; 1694; 1753; 1790; 1694; 1666; 1651; 1590; 1643; 1802; 1889; 2174; 1866; 1764; 1494; 1576; 1462; 1381; 1444; 1608; 1680; 1537; 1598; 1591; 1586; 1640; 1729; 1768; 1728; 1799; 1770; 1792; 2026; 2085; 2147; 2207; 2106; 2093; 2159; 2182; 2065; 2000; 1937; 1926; 1830; 2057; 2142; 2225; 2147; 2041; 1989; ; 2225; 59; 191468
1205; 550; 492; 592; 531; 649; 542; 438; 343; 277; 380; 481; 429; 315; 217; 158; 255; 364; 475; 535; 429; 375; 320; 220; 278; 384; 441; 499; 533; 596; 644; 886; 59; 0; 154; 294; 368; 460; 732; 423; 363; 533; 617; 537; 482; 714; 688; 613; 553; 613; 752; 676; 619; 607; 536; 588; 632; 816; 740; 680; 654; 616; 831; 882; 789; 765; 732; 706; 963; 854; 842; 1126; 1170; 1247; 1290; 1677; 1744; 1823; 1768; 1891; 2091; 1308; 1268; 1217; 1114; 1064; 1011; 1032; 1113; 1121; 1041; 1290; 1402; 1488; 1649; 1219; 1386; 1438; 1265; 1285; 1337; 1443; 1476; 1615; 1652; 1720; 1854; 1964; 1963; 2048; 2132; 1870; 1904; 1650; 1709; 1746; 1650; 1622; 1607; 1546; 1636; 1795; 1882; 2167; 1859; 1757; 1450; 1569; 1418; 1337; 1400; 1564; 1636; 1493; 1554; 1547; 1542; 1596; 1685; 1724; 1684; 1755; 1726; 1748; 1982; 2041; 2103; 2163; 2099; 2086; 2152; 2138; 2058; 1993; 1930; 1919; 1823; 2050; 2098; 2181; 2103; 1997; 1945; ; 2181; 59; 190747
1359; 704; 646; 746; 685; 803; 696; 592; 497; 431; 534; 635; 583; 469; 371; 312; 409; 518; 629; 689; 583; 529; 474; 374; 432; 538; 595; 653; 687; 750; 798; 1040; 213; 154; 0; 140; 214; 306; 578; 269; 209; 379; 771; 691; 636; 697; 719; 637; 576; 516; 659; 579; 516; 453; 382; 434; 478; 703; 627; 564; 500; 462; 701; 728; 635; 611; 578; 552; 809; 700; 688; 972; 1016; 1093; 1136; 1523; 1590; 1669; 1614; 1737; 1937; 1154; 1114; 1063; 960; 910; 857; 878; 959; 967; 887; 1136; 1248; 1334; 1495; 1065; 1232; 1284; 1111; 1131; 1183; 1289; 1322; 1461; 1498; 1566; 1700; 1810; 1809; 1894; 1978; 1716; 1750; 1496; 1555; 1592; 1496; 1468; 1453; 1392; 1482; 1641; 1728; 2013; 1705; 1603; 1296; 1415; 1264; 1183; 1246; 1410; 1482; 1339; 1400; 1393; 1388; 1442; 1531; 1570; 1530; 1601; 1572; 1594; 1828; 1887; 1949; 2009; 1945; 1932; 1998; 1984; 1904; 1839; 1776; 1765; 1669; 1896; 1944; 2027; 1949; 1843; 1791; ; 2027; 140; 178088
1499; 844; 786; 886; 825; 943; 836; 732; 637; 571; 674; 775; 723; 609; 511; 452; 549; 658; 769; 829; 723; 669; 614; 514; 572; 605; 662; 720; 744; 771; 938; 912; 353; 294; 140; 0; 74; 166; 438; 129; 69; 239; 650; 573; 507; 557; 579; 497; 436; 376; 519; 439; 376; 313; 242; 294; 338; 563; 487; 424; 360; 322; 561; 588; 495; 471; 438; 412; 669; 560; 548; 832; 876; 953; 996; 1383; 1450; 1529; 1474; 1597; 1797; 1014; 974; 923; 820; 770; 717; 738; 819; 827; 747; 996; 1108; 1194; 1355; 925; 1092; 1144; 971; 991; 1043; 1149; 1182; 1321; 1358; 1426; 1560; 1670; 1669; 1754; 1838; 1576; 1610; 1356; 1415; 1452; 1356; 1328; 1313; 1252; 1342; 1501; 1588; 1873; 1565; 1463; 1156; 1275; 1124; 1043; 1106; 1270; 1342; 1199; 1260; 1253; 1248; 1302; 1391; 1430; 1390; 1461; 1432; 1454; 1688; 1747; 1809; 1869; 1805; 1792; 1858; 1844; 1764; 1699; 1636; 1625; 1529; 1756; 1804; 1887; 1809; 1703; 1651; ; 1887; 69; 164431
1573; 918; 860; 960; 899; 1017; 910; 806; 711; 645; 748; 849; 797; 683; 585; 526; 623; 732; 843; 900; 797; 743; 688; 588; 646; 673; 730; 788; 812; 839; 1012; 962; 427; 368; 214; 74; 0; 92; 364; 77; 137; 187; 718; 641; 575; 625; 647; 565; 504; 444; 587; 507; 444; 381; 310; 290; 286; 631; 555; 492; 428; 390; 611; 638; 545; 495; 506; 480; 686; 577; 496; 849; 893; 970; 1013; 1400; 1467; 1546; 1491; 1614; 1814; 1031; 991; 940; 837; 787; 734; 741; 821; 775; 695; 1013; 1125; 1211; 1372; 873; 1040; 1092; 919; 939; 991; 1097; 1130; 1269; 1306; 1374; 1508; 1618; 1617; 1702; 1786; 1524; 1558; 1304; 1363; 1400; 1304; 1276; 1261; 1200; 1296; 1455; 1542; 1827; 1519; 1417; 1104; 1229; 1072; 991; 1054; 1218; 1290; 1147; 1208; 1201; 1196; 1250; 1339; 1378; 1338; 1409; 1380; 1402; 1636; 1695; 1757; 1817; 1759; 1746; 1812; 1792; 1718; 1653; 1590; 1579; 1483; 1710; 1752; 1835; 1757; 1651; 1599; ; 1835; 74; 165041
1665; 1010; 952; 1052; 991; 1109; 1002; 898; 803; 737; 840; 941; 889; 775; 677; 618; 715; 824; 935; 992; 889; 835; 780; 680; 738; 765; 822; 880; 904; 931; 1104; 1054; 519; 460; 306; 166; 92; 0; 272; 169; 229; 279; 810; 733; 667; 717; 739; 657; 596; 536; 679; 599; 536; 473; 402; 382; 378; 723; 647; 584; 520; 482; 703; 730; 637; 587; 598; 572; 778; 669; 588; 941; 985; 1062; 1105; 1492; 1559; 1638; 1583; 1706; 1906; 1123; 1083; 1032; 929; 879; 826; 833; 913; 867; 787; 1105; 1217; 1303; 1464; 965; 1132; 1184; 1011; 1031; 1083; 1189; 1222; 1361; 1398; 1466; 1600; 1710; 1709; 1794; 1878; 1616; 1650; 1396; 1455; 1492; 1396; 1368; 1353; 1292; 1388; 1547; 1634; 1919; 1611; 1509; 1196; 1321; 1164; 1083; 1146; 1310; 1382; 1239; 1300; 1293; 1288; 1342; 1431; 1470; 1430; 1501; 1472; 1494; 1728; 1787; 1849; 1909; 1851; 1838; 1904; 1884; 1810; 1745; 1682; 1671; 1575; 1802; 1844; 1927; 1849; 1743; 1691; ; 1927; 92; 179669
1937; 1282; 1224; 1324; 1263; 1381; 1274; 1170; 1075; 1009; 1112; 1213; 1161; 1047; 949; 890; 987; 1096; 1207; 1264; 1161; 1107; 1052; 952; 1010; 1037; 1094; 1152; 1176; 1203; 1376; 1326; 791; 732; 578; 438; 364; 272; 0; 441; 501; 551; 1082; 1005; 939; 989; 1011; 929; 868; 808; 951; 871; 808; 745; 674; 654; 650; 995; 919; 856; 792; 754; 975; 1002; 909; 859; 870; 844; 1050; 941; 860; 1213; 1257; 1334; 1377; 1764; 1831; 1910; 1855; 1978; 2178; 1395; 1355; 1304; 1201; 1151; 1098; 1105; 1185; 1139; 1059; 1377; 1489; 1575; 1736; 1237; 1404; 1456; 1283; 1303; 1355; 1461; 1494; 1633; 1670; 1738; 1872; 1982; 1981; 2066; 2150; 1888; 1922; 1668; 1727; 1764; 1668; 1640; 1625; 1564; 1660; 1819; 1906; 2191; 1883; 1781; 1468; 1593; 1436; 1355; 1418; 1582; 1654; 1511; 1572; 1565; 1560; 1614; 1703; 1742; 1702; 1773; 1744; 1766; 2000; 2059; 2121; 2181; 2123; 2110; 2176; 2156; 2082; 2017; 1954; 1943; 1847; 2074; 2116; 2199; 2121; 2015; 1963; ; 2199; 272; 223461
1551; 896; 838; 981; 920; 1038; 965; 861; 766; 700; 803; 904; 852; 738; 640; 581; 678; 787; 884; 823; 775; 715; 660; 643; 701; 596; 653; 711; 735; 762; 990; 885; 482; 423; 269; 129; 77; 169; 441; 0; 60; 110; 641; 564; 498; 548; 570; 488; 427; 367; 510; 430; 367; 304; 233; 213; 209; 554; 478; 415; 351; 313; 534; 561; 468; 418; 429; 403; 609; 500; 419; 772; 816; 893; 936; 1323; 1390; 1469; 1414; 1537; 1737; 954; 914; 863; 760; 710; 657; 664; 744; 698; 618; 936; 1048; 1134; 1295; 796; 963; 1015; 842; 862; 914; 1020; 1053; 1192; 1229; 1297; 1431; 1541; 1540; 1625; 1709; 1447; 1481; 1227; 1286; 1323; 1227; 1199; 1184; 1123; 1219; 1378; 1465; 1750; 1442; 1340; 1027; 1152; 995; 914; 977; 1141; 1213; 1070; 1131; 1124; 1119; 1173; 1262; 1301; 1261; 1332; 1303; 1325; 1559; 1618; 1680; 1740; 1682; 1669; 1735; 1715; 1641; 1576; 1513; 1502; 1406; 1633; 1675; 1758; 1680; 1574; 1522; ; 1758; 60; 156113
1491; 836; 778; 921; 860; 978; 905; 801; 706; 640; 743; 844; 792; 678; 580; 521; 618; 727; 824; 763; 715; 655; 600; 583; 641; 536; 593; 651; 675; 702; 930; 843; 422; 363; 209; 69; 137; 229; 501; 60; 0; 170; 581; 504; 438; 488; 510; 428; 367; 307; 450; 370; 307; 244; 173; 225; 269; 494; 418; 355; 291; 253; 492; 519; 426; 402; 369; 343; 600; 491; 479; 763; 807; 884; 927; 1314; 1381; 1460; 1405; 1528; 1728; 945; 905; 854; 751; 701; 648; 669; 750; 758; 678; 927; 1039; 1125; 1286; 856; 1023; 1075; 902; 922; 974; 1080; 1113; 1252; 1289; 1357; 1491; 1601; 1600; 1685; 1769; 1507; 1541; 1287; 1346; 1383; 1287; 1259; 1244; 1183; 1273; 1432; 1519; 1804; 1496; 1394; 1087; 1206; 1055; 974; 1037; 1201; 1273; 1130; 1191; 1184; 1179; 1233; 1322; 1361; 1321; 1392; 1363; 1385; 1619; 1678; 1740; 1800; 1736; 1723; 1789; 1775; 1695; 1630; 1567; 1556; 1460; 1687; 1735; 1818; 1740; 1634; 1582; ; 1818; 60; 156918
1473; 818; 760; 903; 842; 960; 934; 830; 876; 810; 772; 873; 821; 707; 750; 691; 647; 756; 806; 745; 697; 637; 582; 684; 626; 518; 575; 633; 657; 684; 912; 775; 592; 533; 379; 239; 187; 279; 551; 110; 170; 0; 563; 486; 420; 470; 492; 410; 349; 289; 432; 352; 289; 226; 155; 103; 99; 476; 400; 337; 273; 235; 424; 451; 358; 308; 341; 325; 499; 390; 309; 662; 706; 783; 826; 1213; 1280; 1359; 1304; 1427; 1627; 844; 804; 753; 650; 600; 547; 554; 634; 588; 508; 826; 938; 1024; 1185; 686; 853; 905; 732; 752; 804; 910; 943; 1082; 1119; 1187; 1321; 1431; 1430; 1515; 1599; 1337; 1371; 1117; 1176; 1213; 1117; 1089; 1074; 1013; 1109; 1268; 1355; 1640; 1332; 1230; 917; 1042; 885; 804; 867; 1031; 1103; 960; 1021; 1014; 1009; 1063; 1152; 1191; 1151; 1222; 1193; 1215; 1449; 1508; 1570; 1630; 1572; 1559; 1625; 1605; 1531; 1466; 1403; 1392; 1296; 1523; 1565; 1648; 1570; 1464; 1412; ; 1648; 99; 143035
1078; 423; 365; 414; 353; 471; 557; 545; 644; 578; 487; 496; 432; 422; 518; 459; 362; 367; 292; 231; 302; 242; 297; 399; 341; 233; 176; 128; 94; 170; 517; 759; 558; 617; 771; 650; 718; 810; 1082; 641; 581; 563; 0; 80; 151; 97; 71; 153; 214; 274; 135; 215; 278; 337; 408; 460; 506; 199; 275; 338; 400; 438; 323; 482; 389; 439; 446; 430; 580; 528; 609; 743; 787; 864; 907; 1294; 1361; 1440; 1385; 1508; 1708; 967; 932; 881; 778; 728; 685; 706; 787; 832; 752; 954; 1066; 1152; 1313; 930; 1097; 1149; 976; 996; 1048; 1154; 1187; 1326; 1363; 1431; 1565; 1675; 1674; 1759; 1843; 1581; 1615; 1361; 1420; 1457; 1361; 1333; 1318; 1257; 1300; 1459; 1546; 1831; 1523; 1421; 1161; 1233; 1129; 1048; 1111; 1275; 1347; 1204; 1265; 1258; 1253; 1307; 1396; 1435; 1395; 1466; 1437; 1459; 1693; 1752; 1814; 1874; 1763; 1750; 1816; 1849; 1722; 1657; 1594; 1583; 1487; 1714; 1809; 1892; 1814; 1708; 1656; ; 1892; 71; 153010
